0.001 0.475033225261
0.001 0.331886791154
0.001 0.446626891474
0.001 0.453533363063
0.001 0.722679425097
0.001 0.325950341693
0.001 0.365433204872
0.001 0.471976025998
0.001 0.749030481618
0.001 0.448376183288
0.01 0.109057768954
0.01 0.109003825251
0.01 0.108850488242
0.01 0.1085326343
0.01 0.109963353974
0.01 0.108362457856
0.01 0.105791552614
0.01 0.108555667216
0.01 0.108874797186
0.01 0.108426942648
0.1 0.125324417098
0.1 1.3873880543
0.1 0.126269956703
0.1 0.126694187716
0.1 0.126666706428
0.1 0.125942288662
0.1 0.126213948175
0.1 0.12562632429
0.1 0.125905900347
0.1 0.146043554819
1 1.8879766261
1 2.11199953951
1 2.11199989123
1 2.11199985007
1 1.88799172837
1 2.11199945242
1 1.88799999974
1 1.88799997052
1 2.11199999996
1 2.11199970398
10 1.888
10 1.888
10 1.888
10 1.888
10 2.112
10 1.888
10 1.888
10 1.888
10 2.112
10 2.112
